0.160358 0.056735 0.108533
0.112037 0.020020 0.071325
0.121059 0.020134 0.070787
0.119433 0.019572 0.070360
0.107321 0.018942 0.069298
0.115938 0.023892 0.074669
0.136080 0.027800 0.078734
0.120258 0.019777 0.071409
0.277464 0.021543 0.078262
0.143712 0.020085 0.072001
0.105191 0.019909 0.070781
0.121811 0.020968 0.071902
0.101095 0.019814 0.070122
0.119952 0.021166 0.072272
0.112321 0.020344 0.070967
0.103034 0.020735 0.071977
0.111400 0.019334 0.070674
0.103140 0.019320 0.069645
0.122332 0.019494 0.071364
0.108875 0.020495 0.066813
